4 980
10 975
49 570
51 458
52 460
52 515
52 457
53 456
53 514
54 455
55 454
55 561
55 512
56 453
59 508
60 449
62 447
63 446
65 444
66 443
67 441
68 439
69 416
69 440
69 415
70 413
71 412
73 396
73 397
73 410
74 360
74 359
74 398
74 358
74 409
75 214
75 357
75 408
75 399
76 215
76 213
76 407
76 356
76 401
77 406
77 216
77 355
77 405
77 404
77 403
78 217
79 218
79 354
80 219
80 352
80 353
82 220
83 130
83 221
83 351
84 222
84 350
85 223
85 349
86 224
86 316
86 315
87 225
87 314
88 226
88 313
89 227
89 312
90 228
90 311
91 229
91 310
92 230
92 309
93 231
93 308
94 232
94 307
95 233
95 235
95 306
96 236
96 305
96 234
97 304
97 266
97 265
98 268
98 303
98 267
99 269
99 302
100 270
100 301
101 300
101 271
102 299
102 272
103 275
103 273
103 274
103 298
104 276
104 277
105 278
105 296
105 295
105 297
106 279
114 304
115 305
126 317
126 348
129 218
130 219
130 354
130 352
130 353
131 217
131 355
131 405
131 404
132 406
132 216
132 407
132 356
132 401
132 403
133 215
133 357
133 408
134 214
134 358
134 409
134 399
135 359
135 398
135 397
135 410
136 213
136 396
137 212
138 211
139 210
140 209
141 208
157 206
157 207
212 398
213 358
213 410
213 399
214 401
214 357
214 409
215 356
215 407
215 408
215 405
215 404
215 406
216 355
217 354
218 352
218 353
219 351
220 350
221 349
222 316
223 315
223 314
224 313
225 312
226 311
227 310
228 309
229 308
230 307
231 306
232 266
232 305
232 264
232 265
233 304
233 267
233 262
234 263
266 303
267 302
268 301
269 300
315 348
315 349
316 346
316 350
317 347
354 407
354 404
354 405
354 406
355 401
355 402
355 408
356 399
357 397
357 410
357 398
358 396
359 395
362 394
362 393
448 508
448 554
452 512
455 515
460 519
504 554
508 816
559 816
608 975
844 982
849 977
889 963
917 961
