0 4 980 good
1 10 975 good
2 49 570 good
3 51 458 good
4 52 457 good
5 52 460 good
6 52 515 good
7 53 456 good
8 53 514 good
9 54 455 good
10 55 454 good
11 55 512 good
12 55 561 good
13 56 453 good
14 59 508 good
15 60 449 good
16 62 447 good
17 63 446 good
18 65 444 good
19 66 443 good
20 67 441 good
21 68 439 good
22 69 415 good
23 69 416 good
24 69 440 good
25 70 413 good
26 71 412 good
27 73 396 good
28 73 397 good
29 73 410 good
30 74 358 good
31 74 359 good
32 74 360 good
33 74 398 good
34 74 409 good
35 75 214 good
36 75 357 good
37 75 399 good
38 75 408 good
39 76 213 good
40 76 215 good
41 76 356 good
42 76 401 good
43 76 407 good
44 77 216 good
45 77 355 good
46 77 403 good
47 77 404 good
48 77 405 good
49 77 406 good
50 78 217 good
51 79 218 good
52 79 354 good
53 80 219 good
54 80 352 good
55 80 353 good
56 82 220 good
57 83 130 good
58 83 221 good
59 83 351 good
60 84 222 good
61 84 350 good
62 85 223 good
63 85 349 good
64 86 224 good
65 86 315 good
66 86 316 good
67 87 225 good
68 87 314 good
69 88 226 good
70 88 313 good
71 89 227 good
72 89 312 good
73 90 228 good
74 90 311 good
75 91 229 good
76 91 310 good
77 92 230 good
78 92 309 good
79 93 231 good
80 93 308 good
81 94 232 good
82 94 307 good
83 95 233 good
84 95 235 good
85 95 306 good
86 96 234 good
87 96 236 good
88 96 305 good
89 97 265 good
90 97 266 good
91 97 304 good
92 98 267 good
93 98 268 good
94 98 303 good
95 99 269 good
96 99 302 good
97 100 270 good
98 100 301 good
99 101 271 good
100 101 300 good
101 102 272 good
102 102 299 good
103 103 273 good
104 103 274 good
105 103 275 good
106 103 298 good
107 104 276 good
108 104 277 good
109 105 278 good
110 105 295 good
111 105 296 good
112 105 297 good
113 106 279 good
114 114 304 good
115 115 305 good
116 126 317 good
117 126 348 good
118 129 218 good
119 130 219 good
120 130 352 good
121 130 353 good
122 130 354 good
123 131 217 good
124 131 355 good
125 131 404 good
126 131 405 good
127 132 216 good
128 132 356 good
129 132 401 good
130 132 403 good
131 132 406 good
132 132 407 good
133 133 215 good
134 133 357 good
