1 1005
3 141
5 1011
7 1010
9 1012
11 1013
13 136
13 137
13 1014
13 1038
15 134
15 135
15 1016
15 1015
15 1036
15 1037
17 1018
17 1017
19 1019
21 1020
21 1032
21 1030
21 1031
21 1021
21 1035
23 119
23 121
23 126
23 127
23 1023
23 1022
23 1028
23 1029
25 1024
25 1025
27 1026
35 1027
37 124
37 125
123 1024
123 1025
125 1030
125 1026
125 1023
125 1022
125 1028
125 1027
125 1029
127 1032
127 1031
129 1033
131 1018
131 1021
131 1017
131 1035
131 1034
133 1016
133 1015
133 1036
133 1037
135 1038
135 1039
137 1040
137 1042
137 1044
137 1041
137 1043
141 189
143 191
143 914
145 913
145 912
193 911
195 910
195 908
195 909
197 907
197 906
199 901
201 899
207 827
207 828
207 826
209 825
209 824
211 823
213 822
215 821
215 811
215 813
271 813
275 816
323 856
323 855
323 875
325 858
325 859
325 860
325 857
325 874
327 862
327 863
327 861
327 869
329 866
329 868
329 865
329 864
329 867
373 544
373 546
373 545
375 543
383 532
383 533
383 531
385 528
385 529
385 530
387 527
387 517
387 526
387 515
595 669
597 671
913 1003
915 1008
