clusterID 2 3 mixed
EDGE_SE2 37 669 0.0437989 -0.161962 -0.0130674 100 0 0 100 0 10000 1
EDGE_SE2 38 670 0.0437989 -0.161962 -0.0130674 100 0 0 100 0 10000 1
EDGE_SE2 49 570 -0.1212 0.97342 1.81774 368.684 0 0 45.0588 0 1259.5 0
EDGE_SE2 51 458 0.76358 -0.09011 -2.44024 45.0222 0 0 566.035 0 844.933 0
EDGE_SE2 52 457 0.71115 0.10677 -3.02716 45.3875 0 0 568.075 0 616.598 0
EDGE_SE2 52 460 -0.00279 -0.9484 -1.68023 444.672 0 0 44.4448 0 1392.05 0
EDGE_SE2 52 515 0.8774 -0.43342 -2.90501 53.8904 0 0 157.778 0 655.776 0
EDGE_SE2 53 456 0.74785 0.09327 3.07094 45.0915 0 0 573.785 0 603.407 0
EDGE_SE2 53 514 0.88952 -0.38555 -3.08728 51.7782 0 0 180.616 0 598.592 0
EDGE_SE2 54 455 0.71244 0.10336 3.09792 45.325 0 0 577.12 0 595.488 0
EDGE_SE2 55 454 0.72741 0.13935 3.1331 45.9727 0 0 471.851 0 585.394 0
EDGE_SE2 55 512 0.90382 -0.29098 -3.10824 48.547 0 0 240.657 0 592.5 0
EDGE_SE2 55 561 0.62241 -0.15413 -3.06475 47.0381 0 0 440.815 0 605.247 0
EDGE_SE2 56 453 0.60957 0.07277 3.12825 45.051 0 0 803.155 0 586.77 0
EDGE_SE2 59 508 0.74499 -0.60936 2.73079 69.4003 0 0 96.0923 0 718.453 0
EDGE_SE2 60 449 0.7163 -0.08343 3.12232 45.0121 0 0 631.367 0 588.46 0
EDGE_SE2 62 447 0.72737 -0.07102 -3.13321 44.8428 0 0 651.404 0 585.363 0
EDGE_SE2 63 446 0.75085 -0.06983 -3.12159 44.8044 0 0 624.072 0 588.668 0
EDGE_SE2 65 444 0.73916 -0.15693 2.84572 46.3153 0 0 428.02 0 676.153 0
EDGE_SE2 66 443 0.69938 -0.25621 2.88514 49.9955 0 0 257.392 0 662.501 0
EDGE_SE2 67 441 0.64482 -0.50883 2.25848 68.9029 0 0 103.374 0 941.824 0
EDGE_SE2 68 439 0.4225 -1.28282 1.77557 158.331 0 0 48.2056 0 1298.06 0
EDGE_SE2 69 415 0.59807 -0.44916 -1.96684 67.1577 0 0 111.009 0 1136.09 0
EDGE_SE2 69 416 0.44333 -0.86226 -2.12237 152.369 0 0 54.6834 0 1025.73 0
EDGE_SE2 69 440 -0.02939 -0.91632 1.80891 471.203 0 0 44.4859 0 1267.43 0
EDGE_SE2 70 413 0.78697 0.02013 -2.92698 44.4715 0 0 639.789 0 648.459 0
EDGE_SE2 71 412 0.76627 0.07499 -3.02284 44.8418 0 0 594.753 0 617.923 0
EDGE_SE2 73 396 0.74049 0.63421 -1.58597 71.5066 0 0 91.8135 0 1495.39 0
EDGE_SE2 73 397 0.80178 0.25722 -1.1575 48.6244 0 0 269.779 0 2148.32 0
EDGE_SE2 73 410 0.91357 0.18096 -3.00315 46.0143 0 0 340.6 0 624.017 0
EDGE_SE2 74 358 0.89324 0.14015 2.77053 45.437 0 0 394.433 0 703.388 0
EDGE_SE2 74 359 0.54288 0.37806 2.31259 64.478 0 0 123.686 0 911.307 0
EDGE_SE2 74 360 0.29929 0.76785 1.90214 225.15 0 0 50.6164 0 1187.31 0
EDGE_SE2 74 398 0.62335 -0.08008 -0.56691 45.1452 0 0 748.1 0 4072.98 0
EDGE_SE2 74 409 0.8603 0.24699 -2.92095 47.7574 0 0 280.613 0 650.455 0
EDGE_SE2 75 214 0.69835 -0.66193 0.13276 77.2358 0 0 84.2655 0 7793.35 0
EDGE_SE2 75 357 0.86356 0.10743 -3.04567 45.0736 0 0 453.053 0 610.969 0
EDGE_SE2 75 399 0.5853 -0.18176 0.03444 48.5352 0 0 352.683 0 9345.22 0
EDGE_SE2 75 408 0.84556 0.36426 -3.01702 51.7873 0 0 188.345 0 619.715 0
EDGE_SE2 76 213 -0.13463 -0.7607 0.38366 469.481 0 0 45.7416 0 5223.25 0
EDGE_SE2 76 215 0.70439 -0.51774 0.39363 65.453 0 0 109.5 0 5148.79 0
EDGE_SE2 76 356 0.88787 0.19703 -2.89443 46.423 0 0 330.382 0 659.344 0
EDGE_SE2 76 401 0.93446 -0.08475 -0.04576 44.774 0 0 422.547 0 9143.99 0
EDGE_SE2 76 407 0.86106 0.32103 2.73692 49.9706 0 0 217.418 0 716.098 0
EDGE_SE2 77 216 0.64445 -0.38883 0.27215 59.2657 0 0 141.983 0 6179.07 0
EDGE_SE2 77 355 0.94463 0.30541 -2.89656 48.5347 0 0 229.349 0 658.624 0
EDGE_SE2 77 403 0.67089 -0.0465 0.34933 44.6472 0 0 811.157 0 5492.42 0
EDGE_SE2 77 404 0.72594 -0.02251 0.93398 44.4847 0 0 746.778 0 2673.6 0
EDGE_SE2 77 405 0.71762 0.00611 1.51637 44.4475 0 0 775.749 0 1579.25 0
EDGE_SE2 77 406 0.65673 0.16004 2.13516 46.9423 0 0 427.439 0 1017.37 0
EDGE_SE2 78 217 0.64345 -0.2766 0.13275 52.1322 0 0 220.054 0 7793.49 0
EDGE_SE2 79 218 0.79255 -0.27182 -0.03837 49.2207 0 0 253.91 0 9274.61 0
EDGE_SE2 79 354 0.52219 0.40738 -2.882 69.4344 0 0 108.761 0 663.573 0
EDGE_SE2 80 219 0.72489 -0.35451 -0.02435 54.1376 0 0 176.791 0 9530.23 0
EDGE_SE2 80 352 0.91964 0.38235 2.82058 51.1524 0 0 184.148 0 685.08 0
EDGE_SE2 80 353 0.49012 0.46579 3.09261 80.8754 0 0 88.6663 0 597.034 0
EDGE_SE2 82 220 0.82851 -0.32626 0.11655 50.6446 0 0 211.115 0 8021.28 0
EDGE_SE2 83 130 0.09525 -0.00266 3.02759 44.4791 0 0 24866.2 0 616.467 0
EDGE_SE2 83 221 0.84137 -0.33631 0.00948 50.805 0 0 205.363 0 9813.06 0
EDGE_SE2 83 351 0.63613 0.16629 2.98407 47.3262 0 0 408.024 0 630.008 0
EDGE_SE2 84 222 0.87784 -0.3565 0.0256 50.9366 0 0 195.619 0 9507.01 0
EDGE_SE2 84 350 0.63797 0.22773 -2.71425 49.7842 0 0 280.863 0 724.866 0
EDGE_SE2 85 223 0.90912 -0.13132 0.21289 45.2832 0 0 395.865 0 6797.62 0
EDGE_SE2 85 349 0.43812 0.61176 -1.94125 116.776 0 0 65.1378 0 1155.94 0
EDGE_SE2 86 224 0.88814 -0.0223 0.19909 44.47 0 0 503.485 0 6954.99 0
EDGE_SE2 86 315 0.76124 0.53134 2.84185 63.1514 0 0 113.384 0 677.515 0
EDGE_SE2 86 316 0.39194 0.74153 2.44225 159.036 0 0 55.6458 0 843.947 0
EDGE_SE2 87 225 0.88443 0.04623 0.17527 44.5553 0 0 495.823 0 7239.77 0
EDGE_SE2 87 314 0.72156 0.4442 3.01185 59.4893 0 0 133.597 0 621.313 0
EDGE_SE2 88 226 0.87741 0.0959 0.16713 44.9289 0 0 456.571 0 7341.11 0
EDGE_SE2 88 313 0.78477 0.38197 2.99245 53.8929 0 0 170.967 0 627.366 0
EDGE_SE2 89 227 0.87347 0.16443 0.15778 45.8768 0 0 373.492 0 7460.16 0
EDGE_SE2 89 312 0.7044 0.26727 3.0029 50.3855 0 0 245.577 0 624.095 0
EDGE_SE2 90 228 0.85483 0.19358 0.09408 46.52 0 0 341.952 0 8354.14 0
EDGE_SE2 90 311 0.75191 0.26396 3.00829 49.4913 0 0 257.596 0 622.417 0
EDGE_SE2 91 229 0.86024 0.21248 0.01445 46.9063 0 0 318.085 0 9717.15 0
EDGE_SE2 91 310 0.77264 0.20818 3.07986 47.4261 0 0 331.639 0 600.772 0
EDGE_SE2 92 230 0.85549 0.2096 -0.03226 46.8698 0 0 322.186 0 9384.73 0
EDGE_SE2 92 309 0.72593 0.16677 -3.12841 46.6384 0 0 408.932 0 586.725 0
EDGE_SE2 93 231 0.85034 0.18343 0.05651 46.3313 0 0 356.11 0 8958.86 0
EDGE_SE2 93 308 0.73608 0.17448 -3.07278 46.7746 0 0 391.926 0 602.862 0
EDGE_SE2 94 232 0.85199 0.27233 0.31356 48.5444 0 0 256.381 0 5795.62 0
EDGE_SE2 94 307 0.85816 0.17165 -3.07439 46.0658 0 0 369.46 0 602.386 0
EDGE_SE2 95 233 0.82993 0.42972 0.28523 54.9306 0 0 154.349 0 6053.94 0
EDGE_SE2 95 235 0.70198 0.42861 0.88956 59.3502 0 0 136.201 0 2800.78 0
EDGE_SE2 95 306 0.81649 0.2747 -3.09033 49.0177 0 0 252.877 0 597.7 0
EDGE_SE2 96 234 0.50194 0.47949 0.29369 81.0426 0 0 87.986 0 5975.02 0
EDGE_SE2 96 236 0.36878 0.65226 1.55808 153.52 0 0 57.505 0 1528.17 0
EDGE_SE2 96 305 0.81385 0.25475 -3.08666 48.4158 0 0 272.947 0 598.774 0
EDGE_SE2 97 265 0.05237 0.90193 -0.64119 474.091 0 0 44.5807 0 3712.64 0
EDGE_SE2 97 266 0.44979 0.70762 -0.41108 129.423 0 0 60.4924 0 5022.23 0
EDGE_SE2 97 304 0.917 0.28763 -3.05693 48.3292 0 0 242.86 0 607.582 0
EDGE_SE2 98 267 0.37597 0.54873 -0.27377 125.93 0 0 63.8356 0 6163.37 0
EDGE_SE2 98 268 0.80908 0.46647 -0.18021 57.3698 0 0 137.936 0 7179.29 0
EDGE_SE2 98 303 0.81756 0.30942 3.10512 50.2001 0 0 222.714 0 593.401 0
EDGE_SE2 99 269 0.83509 0.40072 -0.09672 53.5037 0 0 167.937 0 8313.97 0
EDGE_SE2 99 302 0.86012 0.27795 -2.977 48.6247 0 0 251.448 0 632.25 0
EDGE_SE2 100 270 0.82276 0.38579 -0.1154 53.1441 0 0 173.984 0 8037.83 0
EDGE_SE2 100 301 0.76248 0.41715 -2.76783 56.3321 0 0 150.679 0 704.397 0
EDGE_SE2 101 271 0.823 0.288 -0.21368 49.3762 0 0 241.079 0 6788.78 0
EDGE_SE2 101 300 0.65871 0.55134 -2.58732 71.4755 0 0 96.5822 0 777.069 0
EDGE_SE2 102 272 0.78413 0.04871 -0.50618 44.6041 0 0 615.9 0 4408.05 0
EDGE_SE2 102 299 0.70587 0.67514 -2.81671 77.5798 0 0 83.3666 0 686.47 0
EDGE_SE2 103 273 0.66837 -0.29783 -0.68944 52.6476 0 0 206.426 0 3503.6 0
EDGE_SE2 103 274 0.81359 -0.45685 -0.70992 56.7278 0 0 141.873 0 3420.18 0
EDGE_SE2 103 275 0.72503 -0.39409 -0.24145 56.3165 0 0 155.144 0 6488.46 0
EDGE_SE2 103 298 0.79044 0.57715 -3.03763 64.4806 0 0 106.539 0 613.405 0
EDGE_SE2 104 276 0.59845 -0.31658 0.39485 56.0825 0 0 171.968 0 5139.79 0
EDGE_SE2 104 277 0.87884 -0.02396 0.97658 44.4746 0 0 513.45 0 2559.59 0
EDGE_SE2 105 278 0.47913 0.49681 1.76422 87.2633 0 0 81.7569 0 1308.74 0
EDGE_SE2 105 295 0.30332 0.75021 1.976 218.899 0 0 51.102 0 1129.1 0
EDGE_SE2 105 296 0.28493 0.7961 2.60254 241.583 0 0 49.6326 0 770.517 0
EDGE_SE2 105 297 0.27323 0.78407 -3.08463 251.677 0 0 49.3822 0 599.369 0
EDGE_SE2 106 279 -0.30263 0.93146 2.13132 231.624 0 0 48.5893 0 1019.87 0
EDGE_SE2 114 304 0.1262 -0.03065 0.09999 -11800.7 0 0 -19385.6 0 8264.61 0
EDGE_SE2 115 305 0.11771 -0.04723 0.09511 51.5849 0 0 316.988 0 8338.43 0
EDGE_SE2 126 317 0.34341 -0.92339 -1.35501 205.529 0 0 49.8481 0 1803.08 0
EDGE_SE2 126 348 0.45594 -0.8705 1.549 148.409 0 0 55.0176 0 1539.08 0
EDGE_SE2 129 218 0.93983 0.33502 3.01681 49.3977 0 0 210.751 0 619.78 0
EDGE_SE2 130 219 0.07685 0.4159 -3.11232 850.847 0 0 45.9308 0 591.325 0
EDGE_SE2 130 352 -0.08034 -0.33043 -0.26786 654.096 0 0 47.0361 0 6220.96 0
EDGE_SE2 130 353 0.35061 -0.38898 0.00413 95.5649 0 0 78.6072 0 9917.91 0
EDGE_SE2 130 354 0.74327 -0.29218 0.25393 50.7565 0 0 227.653 0 6359.95 0
EDGE_SE2 131 217 0.5896 0.40887 -2.98631 64.0558 0 0 122.315 0 629.3 0
EDGE_SE2 131 355 0.73364 -0.1594 0.27516 46.4054 0 0 423.755 0 6149.94 0
EDGE_SE2 131 404 0.94369 0.16526 -2.17787 45.6646 0 0 345.32 0 990.211 0
EDGE_SE2 131 405 0.95301 0.13609 -1.59556 45.2557 0 0 367.618 0 1484.36 0
EDGE_SE2 132 216 0.54987 0.57037 -2.82917 85.8244 0 0 80.5315 0 682.01 0
EDGE_SE2 132 356 0.79831 -0.00439 0.28911 44.4457 0 0 627.381 0 6017.55 0
EDGE_SE2 132 401 0.74292 0.27596 3.13675 50.0944 0 0 243.433 0 584.361 0
EDGE_SE2 132 403 0.53758 0.22188 -2.74985 51.6848 0 0 250.155 0 711.168 0
EDGE_SE2 132 406 0.55984 0.01047 -0.96564 44.4594 0 0 1263.55 0 2588.17 0
EDGE_SE2 132 407 0.83205 -0.12959 -0.36347 45.4357 0 0 441.768 0 5379.09 0
EDGE_SE2 133 215 0.56283 0.73005 -2.6865 102.879 0 0 67.0952 0 735.82 0
EDGE_SE2 133 357 0.84599 0.11282 0.16998 45.1698 0 0 458.21 0 7305.39 0
EDGE_SE2 133 408 0.87706 -0.1444 0.19739 45.5408 0 0 397.316 0 6974.75 0
EDGE_SE2 134 214 0.53973 0.82354 -3.02311 118.259 0 0 60.7245 0 617.84 0
EDGE_SE2 134 358 0.79651 -0.00957 -0.37592 44.4504 0 0 629.201 0 5282.19 0
EDGE_SE2 134 399 0.64975 0.33181 -3.12156 55.1839 0 0 175.148 0 588.677 0
EDGE_SE2 134 409 0.8296 -0.11464 0.21606 45.2258 0 0 466.812 0 6762.23 0
EDGE_SE2 135 359 0.57228 -0.57316 -1.21248 82.96 0 0 82.74 0 2042.87 0
EDGE_SE2 135 397 0.79279 -0.52425 1.60035 61.1933 0 0 118.811 0 1478.89 0
EDGE_SE2 135 398 0.65851 -0.11725 2.19153 45.7813 0 0 563.226 0 981.753 0
EDGE_SE2 135 410 0.71676 -0.41219 -0.24591 57.6934 0 0 145.431 0 6442.09 0
EDGE_SE2 136 213 0.47423 0.46948 3.00094 83.9329 0 0 85.4775 0 624.706 0
EDGE_SE2 136 396 0.17201 -0.95309 1.05396 335.492 0 0 45.7368 0 2370.37 0
EDGE_SE2 137 212 0.57687 0.37367 -2.89895 61.7331 0 0 133.65 0 657.816 0
EDGE_SE2 138 211 0.68892 0.34256 -2.667 54.5463 0 0 177.09 0 743.666 0
EDGE_SE2 139 210 0.77305 0.1899 -2.57101 46.927 0 0 360.427 0 784.184 0
EDGE_SE2 140 209 0.69324 0.30422 -2.27081 52.3614 0 0 206.835 0 934.737 0
EDGE_SE2 141 208 0.48827 0.79093 -2.26854 128.657 0 0 59.216 0 936.036 0
EDGE_SE2 157 206 0.34975 0.42309 2.22213 104.369 0 0 73.1425 0 963.194 0
EDGE_SE2 157 207 0.11623 0.76489 1.88528 507.496 0 0 45.401 0 1201.22 0
EDGE_SE2 212 398 0.90973 0.34464 -1.51662 50.0674 0 0 204.378 0 1578.94 0
EDGE_SE2 213 358 0.49158 0.77931 2.41118 126.22 0 0 59.8811 0 859.391 0
EDGE_SE2 213 399 0.51016 0.40959 -0.33379 70.919 0 0 105.603 0 5621.15 0
EDGE_SE2 213 410 0.09478 0.95861 2.91999 397.589 0 0 44.8337 0 650.774 0
EDGE_SE2 214 357 0.27497 0.73209 3.10512 242.625 0 0 50.2328 0 593.401 0
EDGE_SE2 214 401 0.71415 0.46927 -0.19249 61.481 0 0 124.064 0 7032.19 0
EDGE_SE2 214 409 -0.15755 0.95175 -3.04427 349.079 0 0 45.5333 0 611.392 0
EDGE_SE2 215 356 0.43931 0.59895 2.9945 114.061 0 0 66.172 0 626.722 0
EDGE_SE2 215 404 0.64297 0.28874 0.53886 52.8194 0 0 207.921 0 4222.81 0
EDGE_SE2 215 405 0.64479 0.31484 1.12109 54.3003 0 0 186.182 0 2222.7 0
EDGE_SE2 215 406 0.6508 0.48286 1.7399 66.2495 0 0 110.53 0 1332.08 0
EDGE_SE2 215 407 0.46385 0.72806 2.34202 127.857 0 0 60.4527 0 895.327 0
EDGE_SE2 215 408 0.09573 0.92814 2.88485 418.331 0 0 44.8711 0 662.6 0
EDGE_SE2 216 355 0.47992 0.58696 3.11163 101.252 0 0 71.12 0 591.523 0
EDGE_SE2 217 354 0.36968 0.65352 -3.01706 153.324 0 0 57.5134 0 619.703 0
EDGE_SE2 218 352 0.52501 0.73971 2.91775 112.293 0 0 63.8908 0 651.518 0
EDGE_SE2 218 353 0.09025 0.78028 -3.09339 549.715 0 0 44.9978 0 596.807 0
EDGE_SE2 219 351 0.61727 0.61627 3.07123 81.8484 0 0 82.0727 0 603.321 0
EDGE_SE2 220 350 0.68297 0.53434 -2.8304 68.1634 0 0 102.994 0 681.572 0
EDGE_SE2 221 349 0.5431 0.7908 -2.14037 113.966 0 0 62.3975 0 1014 0
EDGE_SE2 222 316 0.50503 0.86073 2.24757 131.329 0 0 57.5528 0 948.163 0
EDGE_SE2 223 314 0.76167 0.44018 2.82183 57.6331 0 0 141.171 0 684.632 0
EDGE_SE2 223 315 0.37242 0.59564 2.64514 138.682 0 0 60.5218 0 752.613 0
EDGE_SE2 224 313 0.77671 0.28193 2.81324 49.8024 0 0 242.274 0 687.72 0
EDGE_SE2 225 312 0.70346 0.15312 2.82699 46.4235 0 0 443.47 0 682.787 0
EDGE_SE2 226 311 0.77177 0.04634 2.82942 44.594 0 0 636.984 0 681.921 0
EDGE_SE2 227 310 0.76736 -0.05125 2.92945 44.6296 0 0 636.124 0 647.644 0
EDGE_SE2 228 309 0.74365 -0.12985 3.08929 45.7113 0 0 488.222 0 598.004 0
EDGE_SE2 229 308 0.74972 -0.06233 -3.06604 44.7322 0 0 641.17 0 604.863 0
EDGE_SE2 230 307 0.87255 0.00162 -3.04782 44.4446 0 0 525.366 0 610.32 0
EDGE_SE2 231 306 0.86324 -0.02136 3.13753 44.4694 0 0 532.843 0 584.141 0
EDGE_SE2 232 264 0.54926 0.76835 -1.58605 110.068 0 0 63.9189 0 1495.29 0
EDGE_SE2 232 265 0.64411 0.46729 -0.99006 65.4142 0 0 113.689 0 2525.04 0
EDGE_SE2 232 266 0.95058 0.14409 -0.7601 45.3586 0 0 361.746 0 3227.94 0
EDGE_SE2 232 305 0.7769 -0.28166 2.87403 49.7896 0 0 242.558 0 666.306 0
EDGE_SE2 233 262 0.48636 1.49744 -2.06474 128.984 0 0 47.7457 0 1064.66 0
EDGE_SE2 233 267 0.84549 -0.15399 -0.58958 45.7941 0 0 398.48 0 3957.63 0
EDGE_SE2 233 304 0.8337 -0.42543 2.9079 54.6329 0 0 156.589 0 654.807 0
EDGE_SE2 234 263 0.15059 1.10949 -2.07908 286.991 0 0 45.1474 0 1054.77 0
EDGE_SE2 266 303 0.90055 -0.04061 -2.76484 44.5266 0 0 482.361 0 705.516 0
EDGE_SE2 267 302 0.89167 0.00012 -2.70201 44.4444 0 0 503.097 0 729.667 0
EDGE_SE2 268 301 0.78056 0.1173 -2.59379 45.3772 0 0 495.029 0 774.274 0
EDGE_SE2 269 300 0.68787 0.20904 -2.50054 48.2928 0 0 324.133 0 816.075 0
EDGE_SE2 315 348 0.79864 -0.27514 1.92298 49.256 0 0 251.148 0 1170.44 0
EDGE_SE2 315 349 0.70442 0.13275 1.48642 45.9297 0 0 496.971 0 1617.53 0
EDGE_SE2 316 346 0.9517 -0.69284 2.22369 62.8691 0 0 99.4201 0 962.262 0
EDGE_SE2 316 350 0.23308 0.73171 1.29624 293.15 0 0 48.6308 0 1896.56 0
EDGE_SE2 317 347 0.40022 0.04446 2.91648 44.9829 0 0 1482.09 0 651.941 0
EDGE_SE2 354 404 0.71709 0.25691 -2.45282 49.7376 0 0 260.077 0 838.788 0
EDGE_SE2 354 405 0.71823 0.22636 -1.87069 48.5551 0 0 300.97 0 1213.47 0
EDGE_SE2 354 406 0.73894 0.06196 -1.25175 44.7377 0 0 656.957 0 1972.24 0
EDGE_SE2 354 407 0.9605 -0.15145 -0.64975 45.4308 0 0 350.602 0 3674.21 0
EDGE_SE2 355 401 0.5661 0.27066 2.84782 54.0635 0 0 200.5 0 675.415 0
EDGE_SE2 355 402 0.57399 0.27313 2.84067 53.9594 0 0 200.896 0 677.932 0
EDGE_SE2 355 408 0.92956 -0.29046 -0.10969 48.2871 0 0 240.29 0 8120.76 0
EDGE_SE2 356 399 0.77353 0.19595 2.9423 47.0827 0 0 350.552 0 643.429 0
EDGE_SE2 357 397 0.95567 -0.23812 1.89511 46.89 0 0 277.895 0 1193.08 0
EDGE_SE2 357 398 0.70821 0.109 2.48675 45.4358 0 0 563.523 0 822.543 0
EDGE_SE2 357 410 0.84974 -0.15851 0.04953 45.8585 0 0 390.358 0 9078.42 0
EDGE_SE2 358 396 0.74493 -0.24285 1.92587 48.8141 0 0 281.782 0 1168.13 0
EDGE_SE2 359 395 0.65189 -0.28748 2.37427 52.5119 0 0 211.609 0 878.295 0
EDGE_SE2 362 393 0.2753 0.1264 -2.90805 53.6982 0 0 243.498 0 654.756 0
EDGE_SE2 362 394 -0.08839 -0.08389 -2.70074 84.3533 0 0 93.6134 0 730.168 0
clusterID 1 2 mixed
EDGE_SE2 35 667 0.0437989 -0.161962 -0.0130674 100 0 0 100 0 10000 1
EDGE_SE2 448 508 0.80996 0.51091 -0.35784 59.7076 0 0 124.31 0 5423.79 0
EDGE_SE2 448 554 0.07857 0.98504 -1.41457 389.408 0 0 44.6964 0 1715.22 0
EDGE_SE2 452 512 0.67773 0.42206 0.02895 60.0321 0 0 134.483 0 9445.21 0
EDGE_SE2 455 515 0.64234 0.55503 0.31915 73.2487 0 0 93.9009 0 5746.61 0
EDGE_SE2 460 519 0.98874 0.13197 0.17795 45.1473 0 0 352.381 0 7206.86 0
EDGE_SE2 504 554 0.89448 0.23139 0.45862 47.1195 0 0 293.129 0 4700.19 0
EDGE_SE2 508 816 0.58832 -0.23943 -3.03634 51.4238 0 0 246.161 0 613.797 0
EDGE_SE2 559 816 -0.64881 -0.1377 2.89803 46.3443 0 0 494.515 0 658.127 0
EDGE_SE2 608 975 0.80883 -0.34538 -3.04164 51.7376 0 0 195.869 0 612.188 0
EDGE_SE2 844 982 0.90158 -0.05118 -2.83197 44.5747 0 0 475.197 0 681.014 0
EDGE_SE2 849 977 0.7709 0.23125 3.07958 48.132 0 0 299.113 0 600.854 0
EDGE_SE2 889 963 0.89259 -0.164 -2.03329 45.8033 0 0 366.763 0 1086.86 0
EDGE_SE2 917 961 0.68876 0.04439 -1.87707 44.6192 0 0 781.832 0 1208.09 0
clusterID 0 1 mixed
EDGE_SE2 4 980 0.91419 -0.30799 3.12859 48.9149 0 0 228.163 0 586.674 0
EDGE_SE2 10 975 0.51368 -0.65607 -3.1035 103.872 0 0 68.4531 0 593.87 0
