clusterID 71 11 1
EDGE_SE2 8971 3841 0.0158534 0.36695 -0.082835 12.6685 0 0 12.6685 0 126.685 1
EDGE_SE2 8986 3856 0.846147 0.5325 -0.200073 4.7292 0 0 4.7292 0 47.292 1
EDGE_SE2 8991 3866 0.48932 0.624925 -0.164895 4.3049 0 0 4.3049 0 43.0491 1
EDGE_SE2 9026 3901 0.568047 -0.395918 -0.156655 19.7746 0 0 19.7746 0 197.746 1
EDGE_SE2 9096 3966 -0.798761 0.31592 -0.0282001 25.8394 0 0 25.8394 0 258.394 1
EDGE_SE2 9201 4441 0.357963 -0.45283 0.160921 14.2053 0 0 14.2053 0 142.053 1
EDGE_SE2 9206 4446 0.494575 -0.141446 -0.0147049 20.7417 0 0 20.7417 0 207.417 1
EDGE_SE2 9211 4451 0.0948152 -0.218323 -0.0063836 19.1369 0 0 19.1369 0 191.369 1
EDGE_SE2 9221 4456 0.0005832 -0.0196338 -0.0340375 17.2512 0 0 17.2512 0 172.512 1
EDGE_SE2 9246 4481 -0.0713757 0.510951 -0.109227 12.3156 0 0 12.3156 0 123.156 1
EDGE_SE2 9256 4491 -0.0161989 0.18346 -0.0411077 11.8458 0 0 11.8458 0 118.458 1
clusterID 76 7 2
EDGE_SE2 9021 3906 1.15162 0.476135 -0.20197 7.68742 0 0 7.68742 0 76.8742 1
EDGE_SE2 9086 3966 0.0660032 -0.351484 0.492038 36.2585 0 0 36.2585 0 362.585 1
EDGE_SE2 9216 4446 0.207883 0.146592 -0.0555022 15.914 0 0 15.914 0 159.14 1
EDGE_SE2 9226 4456 0.001293 0.0554352 -0.0524594 17.5711 0 0 17.5711 0 175.711 1
EDGE_SE2 9231 4466 0.0547082 -0.105913 -0.0397498 20.3472 0 0 20.3472 0 203.472 1
EDGE_SE2 9236 4466 -0.111752 -0.161911 -0.0479977 20.9274 0 0 20.9274 0 209.274 1
EDGE_SE2 9241 4476 0.262055 0.412772 -0.129121 15.5246 0 0 15.5246 0 155.246 1
clusterID 72 7 3
EDGE_SE2 8976 3831 -0.663944 -1.25224 0.131848 11.1553 0 0 11.1553 0 111.553 1
EDGE_SE2 9301 4531 0.218078 -2.08779 0.362314 8.73186 0 0 8.73186 0 87.3186 1
EDGE_SE2 9306 4531 0.350286 -2.2065 0.409663 8.24263 0 0 8.24263 0 82.4263 1
EDGE_SE2 9321 4546 -0.669292 -1.65028 0.310463 12.3058 0 0 12.3058 0 123.058 1
EDGE_SE2 9331 4561 -0.122241 -1.43547 0.230466 13.4563 0 0 13.4563 0 134.563 1
EDGE_SE2 9336 4561 -0.231587 -0.962645 0.104917 16.8365 0 0 16.8365 0 168.365 1
EDGE_SE2 9356 4591 0.286764 -0.165668 -0.0215532 21.86 0 0 21.86 0 218.6 1
clusterID 11 7 4
EDGE_SE2 1246 911 -0.34111 -0.141714 0.0158013 22.0304 0 0 22.0304 0 220.304 1
EDGE_SE2 1251 916 -0.163343 -0.0290826 -0.0225981 31.5325 0 0 31.5325 0 315.325 1
EDGE_SE2 1256 926 0.043568 -0.159893 -0.0274199 31.5557 0 0 31.5557 0 315.557 1
EDGE_SE2 1261 931 -0.0541221 -0.0100013 -0.0246836 29.75 0 0 29.75 0 297.5 1
EDGE_SE2 1266 936 -0.02689 -0.100983 -0.0164981 40.0116 0 0 40.0116 0 400.116 1
EDGE_SE2 1271 941 -0.324599 -0.206164 -0.0096882 19.087 0 0 19.087 0 190.87 1
EDGE_SE2 1276 946 -0.0900437 -0.0344987 -0.023701 28.0305 0 0 28.0305 0 280.305 1
clusterID 91 6 5
EDGE_SE2 11091 26 -0.166387 -0.178437 0.0953525 12.6234 0 0 12.6234 0 126.234 1
EDGE_SE2 11096 41 0.468473 0.0969286 0.023923 10.0608 0 0 10.0608 0 100.608 1
EDGE_SE2 11101 41 0.496094 0.469536 -0.0117796 7.80403 0 0 7.80403 0 78.0404 1
EDGE_SE2 11111 51 0.215044 -0.437764 0.0578716 16.1541 0 0 16.1541 0 161.541 1
EDGE_SE2 11116 51 -0.757624 -0.860047 0.0664692 8.0191 0 0 8.0191 0 80.191 1
EDGE_SE2 11211 116 -4.72977 0.809702 -0.0769328 2.08005 0 0 2.08005 0 20.8005 1
clusterID 70 6 6
EDGE_SE2 8966 3851 0.325455 -0.307658 0.0280358 15.7349 0 0 15.7349 0 157.349 1
EDGE_SE2 8981 3866 0.291971 -0.0231289 -0.124718 21.618 0 0 21.618 0 216.18 1
EDGE_SE2 8996 3881 0.266807 -0.364391 -0.109386 14.9881 0 0 14.9881 0 149.881 1
EDGE_SE2 9001 3881 0.20377 -0.183794 -0.130909 11.1106 0 0 11.1106 0 111.106 1
EDGE_SE2 9271 4516 -0.168384 0.159362 -0.12571 9.42112 0 0 9.42112 0 94.2112 1
EDGE_SE2 9276 4521 -0.762302 0.531179 -0.108407 20.8692 0 0 20.8692 0 208.692 1
clusterID 75 5 7
EDGE_SE2 9016 3876 1.05608 0.825791 -0.270219 4.10624 0 0 4.10624 0 41.0624 1
EDGE_SE2 9051 3911 0.308925 -0.0224898 -0.205213 4.11591 0 0 4.11591 0 41.1591 1
EDGE_SE2 9251 4466 0.63025 0.461786 -0.144741 6.84865 0 0 6.84865 0 68.4865 1
EDGE_SE2 9286 4486 -1.49369 0.215528 -0.0470399 6.13702 0 0 6.13702 0 61.3702 1
EDGE_SE2 9366 4571 1.28465 3.36095 -0.422286 5.76406 0 0 5.76406 0 57.6406 1
clusterID 74 5 8
EDGE_SE2 9011 3916 1.51237 0.620299 -0.170073 5.1549 0 0 5.1549 0 51.549 1
EDGE_SE2 9046 3941 0.0311468 0.535574 -0.025692 3.58466 0 0 3.58466 0 35.8466 1
EDGE_SE2 9091 3976 0.298054 1.263 0.0390218 7.23018 0 0 7.23018 0 72.3018 1
EDGE_SE2 9296 4541 -0.118033 -1.39705 0.363876 8.82243 0 0 8.82243 0 88.2243 1
EDGE_SE2 9361 4606 0.0164502 0.654928 -0.169103 7.94848 0 0 7.94848 0 79.4848 1
clusterID 22 4 9
EDGE_SE2 1871 1761 -0.0453242 -0.638664 0.0556739 7.02768 0 0 7.02768 0 70.2768 1
EDGE_SE2 1876 1756 -0.29049 -1.05886 0.0104034 7.65841 0 0 7.65841 0 76.5841 1
EDGE_SE2 2126 2016 -0.913304 0.458466 0.0218259 8.99514 0 0 8.99514 0 89.9514 1
EDGE_SE2 2136 2036 0.89285 -0.426771 -0.167395 2.63528 0 0 2.63528 0 26.3528 1
clusterID 10 4 10
EDGE_SE2 1231 891 -0.0296195 0.0811536 0.113288 9.78839 0 0 9.78839 0 97.8839 1
EDGE_SE2 1236 896 0.0687021 -0.0822198 0.0586669 14.4101 0 0 14.4101 0 144.101 1
EDGE_SE2 1241 901 0.188878 -0.096841 0.054399 20.4468 0 0 20.4468 0 204.468 1
EDGE_SE2 1296 961 -0.456808 0.257623 0.079848 11.9728 0 0 11.9728 0 119.728 1
clusterID 24 4 11
EDGE_SE2 1886 1761 -0.324982 -3.24668 0.111156 4.06989 0 0 4.06989 0 40.6989 1
EDGE_SE2 2096 1991 -0.353429 -2.39989 0.0196244 6.53703 0 0 6.53703 0 65.3703 1
EDGE_SE2 2101 2001 -0.186853 -3.56475 0.124808 6.11864 0 0 6.11864 0 61.1864 1
EDGE_SE2 2121 2001 -0.871275 -3.0504 0.265416 5.2704 0 0 5.2704 0 52.704 1
clusterID 73 4 12
EDGE_SE2 9006 3881 0.0275338 -1.20963 -0.0282899 10.1856 0 0 10.1856 0 101.856 1
EDGE_SE2 9266 4491 0.171346 0.654046 -0.185576 6.35623 0 0 6.35623 0 63.5622 1
EDGE_SE2 9281 4501 -0.72582 -0.0428256 -0.007143 17.1935 0 0 17.1935 0 171.935 1
EDGE_SE2 9351 4581 0.2442 0.29823 -0.0255464 27.9949 0 0 27.9949 0 279.949 1
clusterID 21 3 13
EDGE_SE2 1866 1736 6.55886 5.11766 -0.758623 1.9124 0 0 1.9124 0 19.124 1
EDGE_SE2 1921 1766 1.03964 3.61597 -0.235624 5.09497 0 0 5.09497 0 50.9497 1
EDGE_SE2 2111 1961 -1.16 4.70791 -0.0921441 4.3055 0 0 4.3055 0 43.055 1
clusterID 58 3 14
EDGE_SE2 7441 7326 -0.900228 -0.394885 0.0653745 4.87533 0 0 4.87533 0 48.7533 1
EDGE_SE2 7446 7336 -0.41503 -1.11606 0.109919 12.2039 0 0 12.2039 0 122.039 1
EDGE_SE2 7641 7526 -2.23478 -0.456178 0.0326758 3.9072 0 0 3.9072 0 39.072 1
clusterID 7 3 15
EDGE_SE2 781 631 1.11191 7.31864 -0.617493 2.44538 0 0 2.44538 0 24.4538 1
EDGE_SE2 1436 1321 0.0877967 -0.0055199 0.0054829 5.99568 0 0 5.99568 0 59.9568 1
EDGE_SE2 1446 1331 -1.32799 0.311795 0.0679318 6.46377 0 0 6.46377 0 64.6377 1
clusterID 45 3 16
EDGE_SE2 5151 1021 0.652918 -2.31626 0.15626 4.17024 0 0 4.17024 0 41.7024 1
EDGE_SE2 5156 1021 -0.592547 -1.84446 0.0923143 5.72016 0 0 5.72016 0 57.2016 1
EDGE_SE2 5166 1046 -0.0731148 -1.40329 0.148858 5.66336 0 0 5.66336 0 56.6336 1
clusterID 44 3 17
EDGE_SE2 5141 1016 -0.758245 -0.163451 0.0207456 10.5974 0 0 10.5974 0 105.974 1
EDGE_SE2 5146 1031 -0.352667 -0.322933 0.0808574 16.7205 0 0 16.7205 0 167.205 1
EDGE_SE2 5161 1056 0.0911031 -1.23187 0.203175 8.01661 0 0 8.01661 0 80.1661 1
clusterID 25 3 18
EDGE_SE2 1891 1751 -0.69972 -0.286672 0.0107168 7.17701 0 0 7.17701 0 71.7701 1
EDGE_SE2 2106 2001 -0.40901 -1.60852 0.0914505 8.6036 0 0 8.6036 0 86.036 1
EDGE_SE2 2116 2001 -1.1319 -0.873594 0.0913527 6.69506 0 0 6.69506 0 66.9506 1
clusterID 31 3 19
EDGE_SE2 3646 3546 -0.690885 0.371558 0.0187106 10.5486 0 0 10.5486 0 105.486 1
EDGE_SE2 3651 3551 -0.915793 1.43147 -0.0525458 8.65085 0 0 8.65085 0 86.5085 1
EDGE_SE2 3656 3556 -0.817433 0.984879 -0.0143093 13.4366 0 0 13.4366 0 134.366 1
clusterID 32 3 20
EDGE_SE2 3661 3521 -3.6683 -0.944309 -0.0028723 6.75856 0 0 6.75856 0 67.5856 1
EDGE_SE2 3681 3561 -0.111879 0.323447 -0.0509503 14.9441 0 0 14.9441 0 149.441 1
EDGE_SE2 3686 3566 -0.786017 1.20372 -0.0863723 10.6213 0 0 10.6213 0 106.213 1
clusterID 78 3 21
EDGE_SE2 9036 3901 3.98541 4.51201 -0.746289 2.85677 0 0 2.85677 0 28.5677 1
EDGE_SE2 9056 3916 3.83052 3.66852 -0.889957 3.65501 0 0 3.65501 0 36.5501 1
EDGE_SE2 9261 4526 -1.70394 2.64579 -0.297854 2.68167 0 0 2.68167 0 26.8167 1
clusterID 89 3 22
EDGE_SE2 11041 16 2.6687 -0.486435 -0.119822 2.34354 0 0 2.34354 0 23.4354 1
EDGE_SE2 11046 21 0.947159 0.453203 -0.18773 14.6819 0 0 14.6819 0 146.82 1
EDGE_SE2 11051 11 -0.95252 -0.217918 0.0533428 5.97945 0 0 5.97945 0 59.7945 1
clusterID 81 3 23
EDGE_SE2 9311 4546 -0.418972 -1.63277 0.346518 9.28311 0 0 9.28311 0 92.8311 1
EDGE_SE2 9316 4546 -0.906865 -2.02244 0.362289 7.40324 0 0 7.40324 0 74.0324 1
EDGE_SE2 9326 4561 -0.170935 -0.505399 0.174302 14.3079 0 0 14.3079 0 143.079 1
clusterID 26 2 24
EDGE_SE2 1916 1736 1.81839 2.14781 -0.262392 3.1609 0 0 3.1609 0 31.609 1
EDGE_SE2 2141 1991 -0.874146 -0.611923 0.0754535 7.9595 0 0 7.9595 0 79.595 1
clusterID 33 2 25
EDGE_SE2 3666 3561 -0.182206 -0.0412515 -0.0210344 13.9272 0 0 13.9272 0 139.272 1
EDGE_SE2 3676 3566 -1.41916 -0.145728 -0.0081649 12.332 0 0 12.332 0 123.32 1
clusterID 40 2 26
EDGE_SE2 5116 1056 0.278599 -0.142339 -0.0119898 16.5731 0 0 16.5731 0 165.731 1
EDGE_SE2 5121 1051 -0.008155 -0.495228 0.0247424 3.96578 0 0 3.96578 0 39.6578 1
clusterID 41 2 27
EDGE_SE2 5126 1056 0.251022 0.183368 -0.0315298 11.1613 0 0 11.1613 0 111.613 1
EDGE_SE2 5181 1141 0.40878 0.530188 0.114887 13.1964 0 0 13.1964 0 131.964 1
clusterID 92 2 28
EDGE_SE2 11106 31 -0.522972 -0.968772 0.136585 12.9583 0 0 12.9583 0 129.583 1
EDGE_SE2 11121 46 0.0799257 -2.19075 0.131707 5.03553 0 0 5.03553 0 50.3553 1
clusterID 90 2 29
EDGE_SE2 11056 51 -1.86597 -2.60121 0.323215 3.16856 0 0 3.16856 0 31.6856 1
EDGE_SE2 11061 61 -1.62495 -0.262863 0.0475102 2.27943 0 0 2.27943 0 22.7943 1
clusterID 16 2 30
EDGE_SE2 1316 961 -0.504796 -0.256247 0.0875022 15.2338 0 0 15.2338 0 152.338 1
EDGE_SE2 1321 961 -0.773289 -0.067827 0.072584 13.1633 0 0 13.1633 0 131.633 1
clusterID 88 2 31
EDGE_SE2 11031 6 0.354476 -0.507821 -0.0542164 4.18958 0 0 4.18958 0 41.8958 1
EDGE_SE2 11036 21 0.0874556 0.792208 -0.200813 10.4151 0 0 10.4151 0 104.151 1
clusterID 23 2 32
EDGE_SE2 1881 1736 1.24909 1.7576 -0.320545 4.08327 0 0 4.08327 0 40.8327 1
EDGE_SE2 2131 2001 -1.27337 -0.736044 0.0979336 7.08983 0 0 7.08983 0 70.8983 1
clusterID 87 2 33
EDGE_SE2 10146 771 3.60944 1.29645 -0.287138 4.29032 0 0 4.29032 0 42.9032 1
EDGE_SE2 11216 156 -3.98913 -1.57403 0 284.729 0 0 284.729 0 2847.29 1
clusterID 86 2 34
EDGE_SE2 10136 766 1.91021 0.707509 -0.247302 4.39351 0 0 4.39351 0 43.9351 1
EDGE_SE2 10141 766 0.845932 -0.469248 -0.0381223 4.76242 0 0 4.76242 0 47.6242 1
clusterID 18 2 35
EDGE_SE2 1336 961 -1.0213 -1.07309 0.136069 8.87897 0 0 8.87897 0 88.7897 1
EDGE_SE2 1341 961 -1.143 -0.678125 0.116933 9.09342 0 0 9.09342 0 90.9342 1
clusterID 17 2 36
EDGE_SE2 1326 961 -0.803559 -0.118094 0.0796304 12.6477 0 0 12.6477 0 126.477 1
EDGE_SE2 1331 961 -1.09085 -0.248365 0.0821683 8.72197 0 0 8.72197 0 87.2197 1
clusterID 54 2 37
EDGE_SE2 6051 4096 0.557985 0.0876075 -0.086204 12.1273 0 0 12.1273 0 121.273 1
EDGE_SE2 6186 4221 -0.137808 -1.57926 0.122398 4.43306 0 0 4.43306 0 44.3306 1
clusterID 14 2 38
EDGE_SE2 1301 961 -0.473677 0.900504 0.0418161 9.41577 0 0 9.41577 0 94.1577 1
EDGE_SE2 1306 961 -0.536469 -0.025472 0.0750335 10.7996 0 0 10.7996 0 107.996 1
clusterID 79 2 39
EDGE_SE2 9041 3856 2.701 2.8657 -0.625306 3.06026 0 0 3.06026 0 30.6026 1
EDGE_SE2 9291 4551 -0.645116 4.51129 -0.200961 4.21034 0 0 4.21034 0 42.1034 1
clusterID 59 2 40
EDGE_SE2 7451 7341 1.00502 -0.201098 -0.061328 8.65173 0 0 8.65173 0 86.5173 1
EDGE_SE2 7611 7481 -0.536716 0.552415 -0.0646904 5.857 0 0 5.857 0 58.57 1
clusterID 12 2 41
EDGE_SE2 1281 966 -1.79103 -0.0904521 0.0919611 8.68681 0 0 8.68681 0 86.8681 1
EDGE_SE2 1286 966 -1.52226 -0.308615 0.172403 7.00995 0 0 7.00995 0 70.0995 1
clusterID 61 2 42
EDGE_SE2 7936 3416 0.374322 0.612557 -0.227066 18.3655 0 0 18.3655 0 183.655 1
EDGE_SE2 7941 3416 0.0829352 0.260395 -0.202786 17.0308 0 0 17.0308 0 170.308 1
clusterID 65 2 43
EDGE_SE2 8426 8311 -0.0867192 1.14617 0.0652779 4.14626 0 0 4.14626 0 41.4626 1
EDGE_SE2 8446 8341 0.979361 2.26032 -0.241889 4.0805 0 0 4.0805 0 40.805 1
clusterID 66 2 44
EDGE_SE2 8431 8311 0.478907 -0.884672 0.184183 3.71049 0 0 3.71049 0 37.1049 1
EDGE_SE2 8441 8311 -0.151652 -2.24208 0.280131 3.52295 0 0 3.52295 0 35.2295 1
clusterID 82 2 45
EDGE_SE2 9341 4566 0.12868 -0.923442 0.149798 14.4929 0 0 14.4929 0 144.929 1
EDGE_SE2 9346 4571 -0.373829 -0.338449 0.0635656 26.9649 0 0 26.9649 0 269.649 1
clusterID 47 1 46
EDGE_SE2 5176 1076 -0.11429 -1.74384 0.218061 18.219 0 0 18.219 0 182.19 1
clusterID 13 1 47
EDGE_SE2 1291 966 -1.28597 -0.500435 0.158794 11.1081 0 0 11.1081 0 111.081 1
clusterID 0 1 48
EDGE_SE2 486 246 10.246 0.647586 -2.41614 5.52367 0 0 5.52367 0 55.2367 1
clusterID 30 1 49
EDGE_SE2 3521 3171 21.9345 -6.01238 2.49008 3.23249 0 0 3.23249 0 32.3249 1
clusterID 29 1 50
EDGE_SE2 3461 2856 7.16477 7.21529 -1.71508 6.17367 0 0 6.17367 0 61.7367 1
clusterID 28 1 51
EDGE_SE2 2551 591 17.9516 -3.14932 2.77868 4.09908 0 0 4.09908 0 40.9908 1
clusterID 27 1 52
EDGE_SE2 2146 2001 0.462737 6.87078 -0.521848 6.76273 0 0 6.76273 0 67.6273 1
clusterID 4 1 53
EDGE_SE2 526 261 18.6448 0.537666 -2.89821 2.95743 0 0 2.95743 0 29.5743 1
clusterID 6 1 54
EDGE_SE2 596 101 15.0576 3.74172 -2.75286 3.59752 0 0 3.59752 0 35.9752 1
clusterID 8 1 55
EDGE_SE2 1131 1031 -1.21616 0.83978 -0.268178 5.31047 0 0 5.31047 0 53.1047 1
clusterID 9 1 56
EDGE_SE2 1136 1036 -0.063886 2.92582 -0.350998 3.5015 0 0 3.5015 0 35.015 1
clusterID 3 1 57
EDGE_SE2 501 236 17.0679 -3.38737 -3.10201 5.76839 0 0 5.76839 0 57.6839 1
clusterID 2 1 58
EDGE_SE2 496 231 6.22349 0.112975 0.375518 2.13558 0 0 2.13558 0 21.3558 1
clusterID 20 1 59
EDGE_SE2 1451 1331 -0.991601 -0.891372 0.159228 6.40336 0 0 6.40336 0 64.0336 1
clusterID 19 1 60
EDGE_SE2 1441 1341 -0.414826 0.078889 0.0486625 8.65973 0 0 8.65973 0 86.5973 1
clusterID 5 1 61
EDGE_SE2 531 256 3.69983 3.21453 -0.354903 2.68898 0 0 2.68898 0 26.8898 1
clusterID 1 1 62
EDGE_SE2 491 256 6.98891 1.91606 -2.46491 3.38884 0 0 3.38884 0 33.8884 1
clusterID 15 1 63
EDGE_SE2 1311 961 -0.530727 0.49313 0.0475596 15.4562 0 0 15.4562 0 154.562 1
clusterID 55 1 64
EDGE_SE2 6181 4221 1.37797 1.16654 -0.19794 3.07603 0 0 3.07603 0 30.7603 1
clusterID 93 1 65
EDGE_SE2 11206 111 0.0006406 -3.82291 0.454807 2.49903 0 0 2.49903 0 24.9903 1
clusterID 85 1 66
EDGE_SE2 10131 766 0.831004 2.69349 -0.258142 5.10295 0 0 5.10295 0 51.0295 1
clusterID 84 1 67
EDGE_SE2 10126 766 3.09041 5.06004 -0.455543 3.57959 0 0 3.57959 0 35.7959 1
clusterID 83 1 68
EDGE_SE2 9446 9226 9.18157 6.53328 -1.97688 4.52048 0 0 4.52048 0 45.2048 1
clusterID 80 1 69
EDGE_SE2 9101 3996 5.96039 -2.02909 1.3037 2.98787 0 0 2.98787 0 29.8787 1
clusterID 77 1 70
EDGE_SE2 9031 3856 6.35003 4.88304 -1.09755 3.56691 0 0 3.56691 0 35.6691 1
clusterID 69 1 71
EDGE_SE2 8456 8306 0.361277 -3.81091 0.293947 5.26193 0 0 5.26193 0 52.6193 1
clusterID 68 1 72
EDGE_SE2 8451 8346 -0.258735 -1.68174 0.0087919 3.46776 0 0 3.46776 0 34.6776 1
clusterID 67 1 73
EDGE_SE2 8436 8311 3.33666 -9.97613 0.886641 3.03356 0 0 3.03356 0 30.3356 1
clusterID 64 1 74
EDGE_SE2 8171 7116 4.78231 7.06951 -1.16201 4.86447 0 0 4.86447 0 48.6446 1
clusterID 63 1 75
EDGE_SE2 8166 7116 2.61836 -0.176147 -0.0234953 3.69662 0 0 3.69662 0 36.9662 1
clusterID 62 1 76
EDGE_SE2 7946 3411 -1.22828 -4.23504 0.17519 3.89734 0 0 3.89734 0 38.9734 1
clusterID 60 1 77
EDGE_SE2 7646 7486 -1.33544 -1.25602 0.107799 5.15762 0 0 5.15762 0 51.5762 1
clusterID 57 1 78
EDGE_SE2 7436 7311 0.366193 2.37709 -0.521682 2.03855 0 0 2.03855 0 20.3854 1
clusterID 56 1 79
EDGE_SE2 6191 4221 2.21 0.828384 -0.158086 2.79121 0 0 2.79121 0 27.9121 1
clusterID 34 1 80
EDGE_SE2 3671 3521 1.79363 2.20918 -0.188932 5.24077 0 0 5.24077 0 52.4077 1
clusterID 53 1 81
EDGE_SE2 5211 1021 -0.0272817 -0.899498 0.138898 10.1107 0 0 10.1107 0 101.107 1
clusterID 52 1 82
EDGE_SE2 5206 1121 -0.395852 -1.08887 0.432743 4.55922 0 0 4.55922 0 45.5922 1
clusterID 51 1 83
EDGE_SE2 5201 1021 -1.00601 -0.975185 0.0960071 8.61308 0 0 8.61308 0 86.1308 1
clusterID 50 1 84
EDGE_SE2 5196 1151 2.74115 -2.62731 -0.0692813 4.23417 0 0 4.23417 0 42.3417 1
clusterID 49 1 85
EDGE_SE2 5191 1071 0.236409 -3.99162 0.549792 4.40921 0 0 4.40921 0 44.0921 1
clusterID 48 1 86
EDGE_SE2 5186 1016 -0.274903 -3.4594 0.306188 6.22326 0 0 6.22326 0 62.2326 1
clusterID 94 1 87
EDGE_SE2 11241 231 14.1024 -6.40781 2.79242 5.62856 0 0 5.62856 0 56.2856 1
clusterID 46 1 88
EDGE_SE2 5171 1016 -0.192688 -1.2733 0.0482303 7.29366 0 0 7.29366 0 72.9366 1
clusterID 43 1 89
EDGE_SE2 5136 1011 0.185802 -1.30126 0.115063 12.5609 0 0 12.5609 0 125.609 1
clusterID 42 1 90
EDGE_SE2 5131 1046 3.24747 7.4118 -0.399714 3.17962 0 0 3.17962 0 31.7962 1
clusterID 39 1 91
EDGE_SE2 5111 1011 0.901334 0.460511 -0.0623871 13.6178 0 0 13.6178 0 136.178 1
clusterID 38 1 92
EDGE_SE2 5051 1041 1.42367 -0.291068 -0.0301913 4.15613 0 0 4.15613 0 41.5613 1
clusterID 37 1 93
EDGE_SE2 3701 3571 -1.0392 0.407493 -0.0567805 5.76336 0 0 5.76336 0 57.6336 1
clusterID 36 1 94
EDGE_SE2 3696 3576 -0.606983 1.93778 -0.166414 5.91939 0 0 5.91939 0 59.194 1
clusterID 35 1 95
EDGE_SE2 3691 3556 -0.384881 3.04099 -0.176792 9.01206 0 0 9.01206 0 90.1206 1
