clusterID 24 25
EDGE_SE2 8198 5444 0.704799 -0.322024 -0.0459983 33.3826 0 0 33.3826 0 333.826 0
EDGE_SE2 8203 5444 0.0709249 -0.415487 -0.0482178 31.6598 0 0 31.6598 0 316.598 0
EDGE_SE2 8208 5454 0.732113 -0.52076 -0.081653 35.3713 0 0 35.3713 0 353.713 0
EDGE_SE2 8213 5454 -0.933215 -0.629336 -0.0803403 4.79905 0 0 4.79905 0 47.9905 0
EDGE_SE2 8233 5479 0.478944 -0.399016 0.233673 10.0577 0 0 10.0577 0 100.577 0
EDGE_SE2 8238 5479 0.384831 -0.29312 0.156666 21.0833 0 0 21.0833 0 210.833 0
EDGE_SE2 8358 5604 0.120642 -0.188984 0.020924 52.0425 0 0 52.0425 0 520.425 0
EDGE_SE2 8363 5609 0.0735828 -0.147532 0.0115474 43.3557 0 0 43.3557 0 433.557 0
EDGE_SE2 8398 5639 -0.141112 0.161673 -0.0248511 43.1946 0 0 43.1946 0 431.946 0
EDGE_SE2 8403 5644 -0.0246533 0.18438 -0.0872199 49.5952 0 0 49.5952 0 495.952 0
EDGE_SE2 8408 5649 -0.0358328 0.180655 -0.169311 35.898 0 0 35.898 0 358.98 0
EDGE_SE2 8428 5669 -0.168607 -0.172958 0.008527 67.4034 0 0 67.4034 0 674.034 0
EDGE_SE2 8433 5674 -0.138003 -0.0603179 -0.0362364 60.5818 0 0 60.5818 0 605.818 0
EDGE_SE2 8438 5679 -0.169578 0.0163383 0.0011613 67.8675 0 0 67.8675 0 678.675 0
EDGE_SE2 8443 5684 -0.0433057 0.0627088 -0.11859 37.3306 0 0 37.3306 0 373.306 0
EDGE_SE2 8448 5694 0.371686 0.0860977 -0.123304 45.461 0 0 45.461 0 454.61 0
EDGE_SE2 8453 5694 -0.263888 0.0854459 0.0840696 88.9784 0 0 88.9784 0 889.784 0
EDGE_SE2 8483 5734 0.075519 0.211415 -0.145568 40.4718 0 0 40.4718 0 404.717 0
EDGE_SE2 8488 5744 0.0012924 0.0745625 -0.115301 39.9693 0 0 39.9693 0 399.693 0
EDGE_SE2 8493 5749 -0.0045466 0.0471276 -0.055433 71.9828 0 0 71.9828 0 719.828 0
EDGE_SE2 8498 5759 0.378653 -0.131228 0.0747029 60.4019 0 0 60.4019 0 604.019 0
EDGE_SE2 8503 5759 0.0586103 -0.144725 0.0716861 63.6279 0 0 63.6279 0 636.279 0
EDGE_SE2 8513 5764 -1.07818 -0.0028715 0.138632 12.3979 0 0 12.3979 0 123.979 0
EDGE_SE2 8543 5794 -0.242546 0.0614405 0.0444919 44.3507 0 0 44.3507 0 443.507 0
EDGE_SE2 8548 5799 0.24967 -0.259979 0.158137 46.748 0 0 46.748 0 467.48 0
EDGE_SE2 8553 5799 0.0296257 0.18442 0.0134133 44.8362 0 0 44.8362 0 448.362 0
EDGE_SE2 8558 5804 -0.0937001 -0.004844 -0.0090066 34.495 0 0 34.495 0 344.95 0
EDGE_SE2 8563 5804 0.111245 -0.237431 0.0211539 33.1442 0 0 33.1442 0 331.442 0
EDGE_SE2 8568 5809 0.110833 -0.0164797 0.0267177 86.1983 0 0 86.1983 0 861.983 0
EDGE_SE2 8573 5809 0.061023 -0.156167 0.0684996 85.9635 0 0 85.9635 0 859.635 0
EDGE_SE2 8578 5809 -0.0602852 -0.390013 0.161105 67.6489 0 0 67.6489 0 676.489 0
clusterID 13 14
EDGE_SE2 3605 376 0.0952812 -2.62941 0.397582 10.0854 0 0 10.0854 0 100.854 0
EDGE_SE2 3925 541 0.253151 0.051894 0.0262885 36.939 0 0 36.939 0 369.39 0
EDGE_SE2 3930 541 0.285016 0.0255089 -0.0247019 20.6616 0 0 20.6616 0 206.616 0
EDGE_SE2 3935 546 -0.0245484 -0.120549 0.042433 31.1361 0 0 31.1361 0 311.361 0
EDGE_SE2 3940 546 -0.183565 -0.0810915 0.0512464 22.4573 0 0 22.4573 0 224.573 0
EDGE_SE2 3945 546 -0.268446 0.477768 -0.0128399 18.3257 0 0 18.3257 0 183.257 0
EDGE_SE2 3950 551 -0.126112 0.0184982 0.200436 32.4997 0 0 32.4997 0 324.997 0
EDGE_SE2 3955 556 -0.127683 0.169631 -0.0386445 48.6486 0 0 48.6486 0 486.486 0
EDGE_SE2 3960 561 -0.122749 -0.130026 -0.132417 44.7526 0 0 44.7526 0 447.526 0
EDGE_SE2 3965 566 -0.0804001 -0.13589 -0.132808 49.2199 0 0 49.2199 0 492.199 0
EDGE_SE2 3970 571 -0.200317 -0.286024 -0.0353296 36.4696 0 0 36.4696 0 364.696 0
EDGE_SE2 3975 581 0.191985 -0.165034 0.0116109 61.6105 0 0 61.6105 0 616.105 0
EDGE_SE2 3980 586 0.243528 -0.156827 0.0566612 54.6212 0 0 54.6212 0 546.212 0
EDGE_SE2 4000 601 -0.187659 0.061796 -0.0133247 67.1781 0 0 67.1781 0 671.781 0
EDGE_SE2 4005 606 -0.257034 -0.0013097 -0.0165258 82.6131 0 0 82.6131 0 826.131 0
EDGE_SE2 4010 611 -0.215988 0.0046262 -0.0106613 80.7259 0 0 80.7259 0 807.259 0
EDGE_SE2 4015 621 0.277027 -0.0873044 -0.0387454 60.2623 0 0 60.2623 0 602.623 0
EDGE_SE2 4020 621 -0.192771 -0.0838311 -0.0496003 63.5309 0 0 63.5309 0 635.309 0
EDGE_SE2 4025 631 0.266106 -0.0905688 0.0768482 27.552 0 0 27.552 0 275.52 0
EDGE_SE2 4030 631 -0.336892 -0.169682 0.0841206 47.3513 0 0 47.3513 0 473.513 0
EDGE_SE2 4035 636 -0.231059 -0.0510633 0.133514 26.6651 0 0 26.6651 0 266.651 0
EDGE_SE2 4040 641 -0.206034 -0.213389 0.147363 30.2932 0 0 30.2932 0 302.932 0
EDGE_SE2 4045 646 -0.17271 0.180154 0.0105908 38.3369 0 0 38.3369 0 383.369 0
EDGE_SE2 4050 656 0.163054 0.0530511 -0.0736544 40.1894 0 0 40.1894 0 401.894 0
EDGE_SE2 4055 661 0.137062 0.21789 -0.0988363 37.0026 0 0 37.0026 0 370.026 0
EDGE_SE2 4065 666 -0.182147 -0.114619 0.187434 22.6558 0 0 22.6558 0 226.558 0
EDGE_SE2 4070 671 -0.237877 -0.0675827 0.115347 27.9664 0 0 27.9664 0 279.664 0
EDGE_SE2 4075 676 -0.184118 0.0503538 0.0730045 29.6106 0 0 29.6106 0 296.106 0
clusterID 21 22
EDGE_SE2 8178 5404 -0.818386 0.0376012 -0.209262 11.6244 0 0 11.6244 0 116.244 0
EDGE_SE2 8193 5429 -0.134141 -0.489066 0.0822297 12.1236 0 0 12.1236 0 121.236 0
EDGE_SE2 8218 5454 -0.188974 -0.611771 -0.0403107 9.77589 0 0 9.77589 0 97.7589 0
EDGE_SE2 8223 5459 -0.0752965 -0.26335 -0.0640844 9.56143 0 0 9.56143 0 95.6143 0
EDGE_SE2 8228 5464 -0.0186184 -0.446179 0.104381 11.0917 0 0 11.0917 0 110.917 0
EDGE_SE2 8243 5479 -0.0312818 -0.252923 0.0584742 32.5832 0 0 32.5832 0 325.832 0
EDGE_SE2 8253 5489 -0.077602 -0.196902 0.0254648 33.6215 0 0 33.6215 0 336.215 0
EDGE_SE2 8258 5494 0.0401929 -0.0816249 0.0057272 38.0113 0 0 38.0113 0 380.113 0
EDGE_SE2 8263 5499 -0.0915516 -0.0953605 -0.0452056 30.1769 0 0 30.1769 0 301.769 0
EDGE_SE2 8313 5559 0.103738 0.0618415 -0.0607491 23.3894 0 0 23.3894 0 233.894 0
EDGE_SE2 8318 5564 0.112616 0.0679623 -0.0867664 37.8332 0 0 37.8332 0 378.332 0
EDGE_SE2 8323 5564 -0.167165 -0.0362309 -0.0816085 32.3203 0 0 32.3203 0 323.203 0
EDGE_SE2 8328 5574 0.310731 -0.106415 -0.118414 24.6503 0 0 24.6503 0 246.503 0
EDGE_SE2 8333 5574 0.0805191 -0.172266 -0.117549 19.9232 0 0 19.9232 0 199.232 0
EDGE_SE2 8338 5579 0.0233618 -0.156223 -0.0658545 22.1976 0 0 22.1976 0 221.976 0
EDGE_SE2 8343 5584 -0.0381613 -0.328141 -0.021913 30.0251 0 0 30.0251 0 300.251 0
EDGE_SE2 8348 5589 -0.133385 0.0406719 -0.0442463 25.292 0 0 25.292 0 252.92 0
EDGE_SE2 8368 5609 -0.194991 -0.0962456 -0.0043754 30.3409 0 0 30.3409 0 303.409 0
EDGE_SE2 8373 5619 0.227839 -0.246898 -0.0360551 41.8726 0 0 41.8726 0 418.726 0
EDGE_SE2 8378 5624 0.199858 -0.300427 0.047665 41.009 0 0 41.009 0 410.09 0
EDGE_SE2 8383 5624 -0.169198 -0.230969 0.120722 27.1181 0 0 27.1181 0 271.181 0
EDGE_SE2 8388 5629 -0.189185 -0.155996 0.124148 38.8145 0 0 38.8145 0 388.145 0
EDGE_SE2 8393 5639 0.136517 0.0433978 0.0880732 47.9249 0 0 47.9249 0 479.249 0
EDGE_SE2 8413 5659 0.279865 -0.208534 -0.122329 48.8496 0 0 48.8496 0 488.495 0
EDGE_SE2 8418 5664 0.329449 -0.213 0.0305873 53.9774 0 0 53.9774 0 539.774 0
EDGE_SE2 8423 5664 -0.115924 -0.131272 0.0245841 38.444 0 0 38.444 0 384.44 0
EDGE_SE2 8508 5759 -0.153218 -0.233019 0.065082 86.129 0 0 86.129 0 861.29 0
EDGE_SE2 8588 5794 -0.952464 -1.89547 0.466519 7.66499 0 0 7.66499 0 76.6499 0
clusterID 38 39
EDGE_SE2 9802 3210 0.964366 -2.69171 0.370226 9.74076 0 0 9.74076 0 97.4076 0
EDGE_SE2 9807 3215 -0.0599872 -1.8992 0.34484 9.72255 0 0 9.72255 0 97.2255 0
EDGE_SE2 10092 3490 1.07108 -0.176412 -0.0568378 6.64276 0 0 6.64276 0 66.4276 0
EDGE_SE2 10112 3515 1.5821 -0.0654119 -0.136246 8.82449 0 0 8.82449 0 88.2449 0
EDGE_SE2 10247 3625 0.0685022 -0.236452 0.0431774 23.4734 0 0 23.4734 0 234.734 0
EDGE_SE2 10257 3635 0.0307075 -0.0217061 0.0288784 28.135 0 0 28.135 0 281.35 0
EDGE_SE2 10262 3640 -0.22273 -0.28488 0.0441952 22.0962 0 0 22.0962 0 220.962 0
EDGE_SE2 10267 3645 0.232749 -0.140135 0.0374833 31.3873 0 0 31.3873 0 313.873 0
EDGE_SE2 10272 3650 0.487147 0.305396 0.0060368 25.9144 0 0 25.9144 0 259.144 0
EDGE_SE2 10277 3655 0.0396333 0.111063 0.0304167 37.6091 0 0 37.6091 0 376.091 0
EDGE_SE2 10282 3660 -0.212418 -0.126418 0.0434104 27.833 0 0 27.833 0 278.33 0
EDGE_SE2 10287 3665 -0.0595938 -0.434565 0.0148404 27.288 0 0 27.288 0 272.88 0
EDGE_SE2 10292 3670 0.149226 -0.178763 -0.0118669 41.0301 0 0 41.0301 0 410.301 0
EDGE_SE2 10312 3690 0.172663 -0.297192 0.0493288 39.2825 0 0 39.2825 0 392.825 0
EDGE_SE2 10342 3715 -0.0911545 -0.102793 0.0048978 30.843 0 0 30.843 0 308.43 0
EDGE_SE2 10357 3730 -0.0988664 -0.64563 0.0265507 25.9124 0 0 25.9124 0 259.124 0
EDGE_SE2 10367 3740 -0.0439447 0.152731 0.0052118 41.7339 0 0 41.7339 0 417.339 0
EDGE_SE2 10377 3755 0.656477 0.0648305 -0.100731 15.6416 0 0 15.6416 0 156.416 0
EDGE_SE2 10382 3760 0.208093 -0.432088 -0.0536696 18.3674 0 0 18.3674 0 183.674 0
clusterID 41 42
EDGE_SE2 9862 3250 -0.601976 0.507544 -0.0166018 14.7638 0 0 14.7638 0 147.638 0
EDGE_SE2 10087 3490 0.4705 0.104249 0.0284662 16.112 0 0 16.112 0 161.121 0
EDGE_SE2 10097 3500 -0.114131 -0.195722 0.0089642 14.1756 0 0 14.1756 0 141.756 0
EDGE_SE2 10102 3500 -0.270822 -0.550783 0.0426906 15.0929 0 0 15.0929 0 150.929 0
EDGE_SE2 10107 3510 0.130603 -0.269591 0.0361057 27.3648 0 0 27.3648 0 273.648 0
EDGE_SE2 10252 3625 0.168354 -0.44466 0.0585389 16.407 0 0 16.407 0 164.07 0
EDGE_SE2 10307 3680 -0.635337 0.545226 -0.138468 15.8279 0 0 15.8279 0 158.279 0
EDGE_SE2 10317 3690 -0.0748669 -0.227154 0.0092514 26.9942 0 0 26.9942 0 269.942 0
EDGE_SE2 10332 3710 -0.108325 -0.220457 0.0470152 28.3628 0 0 28.3628 0 283.628 0
EDGE_SE2 10337 3715 0.215898 -0.0409017 0.0052796 28.7807 0 0 28.7807 0 287.807 0
EDGE_SE2 10352 3730 -0.0158313 -0.115529 -0.0458098 25.0004 0 0 25.0004 0 250.004 0
EDGE_SE2 10362 3740 0.137209 -0.135331 0.0128626 22.6191 0 0 22.6191 0 226.191 0
clusterID 14 15
EDGE_SE2 3610 381 -0.451833 -0.682137 0.297738 10.7738 0 0 10.7738 0 107.738 0
EDGE_SE2 3615 381 -0.717753 -0.573453 0.250524 8.09095 0 0 8.09095 0 80.9095 0
EDGE_SE2 3900 531 -0.25423 0.0176859 -0.0546248 21.0048 0 0 21.0048 0 210.048 0
EDGE_SE2 3905 536 0.211664 -0.119002 0.0482084 37.4567 0 0 37.4567 0 374.567 0
EDGE_SE2 3910 536 0.197517 0.0757932 0.0092118 14.9128 0 0 14.9128 0 149.128 0
EDGE_SE2 3915 541 0.145628 0.0134458 -0.0078879 36.0603 0 0 36.0603 0 360.603 0
EDGE_SE2 3920 541 -0.240312 -0.219415 -0.0589387 27.5488 0 0 27.5488 0 275.488 0
EDGE_SE2 3985 586 -0.177289 -0.142553 0.088167 65.7689 0 0 65.7689 0 657.689 0
EDGE_SE2 3990 591 -0.211778 -0.143115 0.140133 77.9281 0 0 77.9281 0 779.281 0
EDGE_SE2 3995 601 0.210545 0.0119285 -0.0025144 51.1209 0 0 51.1209 0 511.209 0
EDGE_SE2 4060 666 0.0253984 -0.0742501 -0.0100449 33.9794 0 0 33.9794 0 339.794 0
clusterID 40 41
EDGE_SE2 9832 3235 0.350538 0.150379 0.0615473 16.0657 0 0 16.0657 0 160.657 0
EDGE_SE2 9847 3250 0.0385225 0.700779 -0.100856 16.8968 0 0 16.8968 0 168.968 0
EDGE_SE2 9852 3260 0.135708 0.282264 -0.189795 23.3159 0 0 23.3159 0 233.159 0
EDGE_SE2 9857 3260 0.182605 0.486747 -0.17604 16.2072 0 0 16.2072 0 162.072 0
EDGE_SE2 10067 3475 0.299222 0.0510503 0.004123 16.1559 0 0 16.1559 0 161.559 0
EDGE_SE2 10077 3485 0.246749 -0.307671 0.117387 14.3193 0 0 14.3193 0 143.193 0
EDGE_SE2 10082 3490 0.0232855 0.360633 -0.0086474 13.1787 0 0 13.1787 0 131.787 0
EDGE_SE2 10297 3680 -0.186237 0.305667 -0.0427533 9.69102 0 0 9.69102 0 96.9102 0
EDGE_SE2 10302 3680 -0.650775 0.395696 -0.130706 19.0553 0 0 19.0553 0 190.553 0
EDGE_SE2 10322 3700 -0.513382 -1.03789 0.145182 12.6517 0 0 12.6517 0 126.517 0
EDGE_SE2 10327 3705 -0.582812 -1.09013 0.114526 16.3826 0 0 16.3826 0 163.826 0
clusterID 39 40
EDGE_SE2 9812 3215 -0.140076 -1.25027 0.285683 12.4172 0 0 12.4172 0 124.172 0
EDGE_SE2 9817 3220 -0.425268 -0.524093 0.24557 9.89669 0 0 9.89669 0 98.9669 0
EDGE_SE2 9822 3225 0.147032 -0.438746 0.238047 12.5319 0 0 12.5319 0 125.319 0
EDGE_SE2 9827 3235 0.241223 0.0495686 0.0681893 22.8978 0 0 22.8978 0 228.978 0
EDGE_SE2 9837 3245 0.225229 0.493227 -0.0502263 22.7072 0 0 22.7072 0 227.072 0
EDGE_SE2 9842 3250 0.301663 0.50795 -0.0803668 21.4061 0 0 21.4061 0 214.061 0
EDGE_SE2 10072 3485 -0.361493 0.0288262 0.0864652 9.7778 0 0 9.7778 0 97.778 0
EDGE_SE2 10347 3715 -0.398725 0.265147 -0.0075712 19.8498 0 0 19.8498 0 198.498 0
EDGE_SE2 10372 3740 -0.0961063 -0.138325 0.0099304 24.4462 0 0 24.4462 0 244.462 0
clusterID 27 28
EDGE_SE2 8303 5559 0.533433 -0.0269764 -0.0049444 17.5388 0 0 17.5388 0 175.388 0
EDGE_SE2 8308 5559 0.34829 0.0815561 -0.0333187 16.9722 0 0 16.9722 0 169.722 0
EDGE_SE2 8353 5604 0.305553 -0.274454 0.0474305 28.6193 0 0 28.6193 0 286.193 0
EDGE_SE2 8523 5784 -0.206516 -2.67729 0.505515 17.1491 0 0 17.1491 0 171.491 0
clusterID 22 23
EDGE_SE2 8268 5504 0.451985 -0.737879 0.174645 15.1696 0 0 15.1696 0 151.696 0
EDGE_SE2 8273 5509 0.12485 -0.223519 0.184107 20.8316 0 0 20.8316 0 208.316 0
EDGE_SE2 8538 5789 -0.164886 0.789624 -0.186303 24.2558 0 0 24.2558 0 242.558 0
clusterID 23 24
EDGE_SE2 8188 5439 0.787452 -0.503229 0.0913551 15.4354 0 0 15.4354 0 154.354 0
EDGE_SE2 8298 5559 0.431 0.103451 -0.0078623 13.6006 0 0 13.6006 0 136.006 0
EDGE_SE2 8528 5784 0.696591 -2.16621 0.328708 12.4037 0 0 12.4037 0 124.037 0
clusterID 25 26
EDGE_SE2 8278 5509 0.327668 -0.255648 0.412091 12.8546 0 0 12.8546 0 128.546 0
EDGE_SE2 8283 5509 0.484396 -0.0042518 0.585033 11.8712 0 0 11.8712 0 118.712 0
EDGE_SE2 8533 5774 0.423989 0.915008 -0.317273 37.0091 0 0 37.0091 0 370.091 0
clusterID 0 1
EDGE_SE2 1376 816 0.304822 1.31707 0.0746529 23.7113 0 0 23.7113 0 237.113 0
EDGE_SE2 1396 841 0.494683 0.0163376 0.0256586 30.6163 0 0 30.6163 0 306.163 0
EDGE_SE2 1401 841 0.256023 -0.315407 0.282434 16.2224 0 0 16.2224 0 162.224 0
clusterID 1 2
EDGE_SE2 1381 821 0.18952 0.596349 -0.202437 31.8078 0 0 31.8078 0 318.079 0
EDGE_SE2 1386 826 0.173899 0.806008 -0.305202 22.2814 0 0 22.2814 0 222.814 0
clusterID 15 16
EDGE_SE2 4085 666 2.86157 -0.221035 -0.718102 2.53986 0 0 2.53986 0 25.3986 0
clusterID 47 48
EDGE_SE2 10417 3770 -0.678595 1.34631 -0.241484 7.22747 0 0 7.22747 0 72.2747 0
clusterID 11 12
EDGE_SE2 3590 356 -0.650422 1.32433 -0.230308 14.2018 0 0 14.2018 0 142.018 0
clusterID 49 50
EDGE_SE2 10722 21 -0.481062 -0.899915 0.109104 13.237 0 0 13.237 0 132.37 0
clusterID 3 4
EDGE_SE2 1406 841 -0.0923098 -0.898521 0.588511 16.456 0 0 16.456 0 164.56 0
clusterID 2 3
EDGE_SE2 1391 826 -0.46644 -0.046843 -0.075954 31.3084 0 0 31.3084 0 313.084 0
clusterID 51 52
EDGE_SE2 10737 21 0.357561 2.29436 -0.140279 7.63876 0 0 7.63876 0 76.3876 0
clusterID 30 31
EDGE_SE2 8583 5789 -0.836651 1.0245 -0.263336 11.5857 0 0 11.5857 0 115.857 0
clusterID 52 53
EDGE_SE2 10742 1 0.0270649 0.834991 -0.0573888 12.8198 0 0 12.8198 0 128.198 0
clusterID 44 45
EDGE_SE2 10397 3770 0.050582 -3.01124 0.0826386 11.1218 0 0 11.1218 0 111.217 0
clusterID 45 46
EDGE_SE2 10407 3770 0.575086 -5.68253 0.27644 7.25277 0 0 7.25277 0 72.5277 0
