0 4205 935 good
1 4235 970 good
2 4250 990 good
3 4255 1000 good
4 4260 1010 good
5 4405 1815 good
6 4410 1820 good
7 4415 1825 good
8 4420 1830 good
9 4425 1840 good
10 4440 1855 good
11 4445 1860 good
12 4450 1865 good
13 4465 1880 good
14 4470 1885 good
15 4475 1890 good
16 4480 1895 good
17 4485 1900 good
18 4490 1905 good
19 4495 1910 good
20 4500 1915 good
21 4505 1920 good
22 4510 1925 good
23 4515 1930 good
24 4520 1935 good
25 4525 1940 good
26 4530 1945 good
27 4535 1950 good
28 4540 1955 good
29 4545 1965 good
30 4550 1970 good
31 4555 1975 good
32 4560 1980 good
33 4565 1990 good
34 165 60 bad
35 170 60 bad
36 175 70 bad
37 180 75 bad
38 185 70 bad
39 190 75 bad
40 195 75 bad
41 200 85 bad
42 205 65 bad
43 210 100 bad
44 215 85 bad
45 220 65 bad
46 225 85 bad
47 230 85 bad
48 235 85 bad
49 240 85 bad
50 245 75 bad
51 250 75 bad
52 255 90 bad
53 260 140 bad
54 265 85 bad
55 270 75 bad
56 275 90 bad
57 280 75 bad
58 285 60 bad
59 290 180 bad
60 295 55 bad
61 300 115 bad
62 305 70 bad
63 310 185 bad
64 315 210 bad
65 320 205 bad
66 325 220 bad
67 330 105 bad
68 335 105 bad
69 340 160 bad
70 345 105 bad
71 350 55 bad
72 355 180 bad
73 360 85 bad
74 365 75 bad
75 370 75 bad
76 375 65 bad
77 380 60 bad
78 385 60 bad
79 390 75 bad
80 395 75 bad
81 400 175 bad
82 405 75 bad
83 410 75 bad
84 415 180 bad
85 420 60 bad
86 425 70 bad
87 430 175 bad
88 435 70 bad
89 440 200 bad
90 445 65 bad
91 450 75 bad
92 455 110 bad
93 460 65 bad
94 465 190 bad
95 470 65 bad
96 475 230 bad
97 480 100 bad
98 485 90 bad
99 490 125 bad
100 495 205 bad
101 500 205 bad
102 505 205 bad
103 510 160 bad
104 515 205 bad
105 520 60 bad
106 525 105 bad
107 530 75 bad
108 535 55 bad
109 540 190 bad
110 545 90 bad
111 550 65 bad
112 555 180 bad
113 560 85 bad
114 565 135 bad
115 570 85 bad
116 575 85 bad
117 580 165 bad
118 585 175 bad
119 590 175 bad
120 605 175 bad
121 620 180 bad
122 625 170 bad
123 630 60 bad
124 635 130 bad
125 650 170 bad
126 665 190 bad
127 670 145 bad
128 695 100 bad
129 700 125 bad
130 705 135 bad
131 710 140 bad
132 715 135 bad
133 720 135 bad
134 725 135 bad
135 730 140 bad
136 735 135 bad
137 740 135 bad
138 745 135 bad
139 755 610 bad
140 760 620 bad
141 775 610 bad
142 780 610 bad
143 785 610 bad
144 795 445 bad
145 800 410 bad
146 805 425 bad
147 840 435 bad
148 845 425 bad
149 880 185 bad
150 885 175 bad
151 895 420 bad
152 910 430 bad
153 915 440 bad
154 920 425 bad
155 925 420 bad
156 940 420 bad
157 965 425 bad
158 970 420 bad
159 975 420 bad
160 980 425 bad
161 985 425 bad
162 990 430 bad
163 995 420 bad
164 1000 410 bad
165 1005 435 bad
166 1010 420 bad
167 1030 440 bad
168 1035 420 bad
169 1050 400 bad
170 1055 430 bad
171 1070 420 bad
172 1085 705 bad
173 1095 435 bad
174 1100 395 bad
175 1105 420 bad
176 1110 440 bad
177 1115 425 bad
178 1120 430 bad
179 1125 400 bad
180 1130 420 bad
181 1135 430 bad
182 1140 445 bad
183 1145 440 bad
184 1155 425 bad
185 1160 420 bad
186 1165 435 bad
187 1170 430 bad
188 1175 405 bad
189 1180 405 bad
190 1185 455 bad
191 1190 415 bad
192 1195 440 bad
193 1210 430 bad
194 1215 430 bad
195 1220 440 bad
196 1225 405 bad
197 1230 440 bad
198 1235 430 bad
199 1240 495 bad
200 1265 400 bad
201 1285 225 bad
202 1310 440 bad
203 1315 415 bad
204 1320 415 bad
205 1325 420 bad
206 1330 420 bad
207 1335 420 bad
208 1350 425 bad
209 1355 440 bad
210 1365 1215 bad
211 1375 435 bad
212 1380 405 bad
213 1385 420 bad
214 1390 410 bad
215 1395 405 bad
216 1410 410 bad
217 1415 410 bad
218 1420 455 bad
219 1435 435 bad
220 1450 1305 bad
221 1465 440 bad
222 1470 450 bad
223 1475 445 bad
224 1490 440 bad
225 1495 450 bad
226 1500 430 bad
227 1505 450 bad
228 1510 405 bad
229 1515 420 bad
230 1520 405 bad
231 1525 420 bad
232 1545 440 bad
233 1550 430 bad
234 1555 430 bad
235 1560 410 bad
236 1565 410 bad
237 1570 415 bad
238 1575 440 bad
239 1590 410 bad
240 1595 420 bad
241 1600 405 bad
242 1605 435 bad
243 1615 440 bad
244 1630 405 bad
245 1635 420 bad
246 1640 435 bad
247 1655 445 bad
248 1670 420 bad
249 1675 440 bad
250 1680 440 bad
251 1685 435 bad
252 1690 425 bad
253 1695 445 bad
254 1700 435 bad
255 1715 435 bad
256 1720 435 bad
257 1725 435 bad
258 1730 435 bad
259 1740 165 bad
260 1745 65 bad
261 1760 105 bad
262 1770 445 bad
263 1775 410 bad
264 1780 405 bad
265 1800 235 bad
266 1805 245 bad
267 1825 440 bad
268 1830 455 bad
269 1835 480 bad
270 1840 430 bad
271 1845 420 bad
272 1850 445 bad
273 1855 455 bad
274 1870 445 bad
275 1875 440 bad
276 1890 445 bad
277 1895 420 bad
278 1915 565 bad
279 1920 605 bad
280 1935 720 bad
281 1940 710 bad
282 1945 725 bad
283 1950 745 bad
284 1955 725 bad
285 1960 720 bad
286 1965 745 bad
287 1970 720 bad
288 1975 720 bad
289 1980 715 bad
290 2020 420 bad
291 2025 440 bad
292 2050 420 bad
293 2055 445 bad
294 2060 415 bad
295 2095 1215 bad
296 2100 1150 bad
297 2110 1215 bad
298 2115 1175 bad
299 2120 1225 bad
300 2135 1185 bad
301 2150 410 bad
302 2155 435 bad
303 2160 425 bad
304 2165 410 bad
305 2170 410 bad
306 2175 410 bad
307 2180 420 bad
308 2185 420 bad
309 2190 425 bad
310 2195 420 bad
311 2200 420 bad
312 2205 410 bad
313 2220 435 bad
314 2225 440 bad
315 2230 445 bad
316 2235 405 bad
317 2240 420 bad
318 2245 415 bad
319 2250 425 bad
320 2285 415 bad
321 2290 440 bad
322 2295 420 bad
323 2300 405 bad
324 2305 430 bad
325 2310 445 bad
326 2315 445 bad
327 2320 425 bad
328 2325 440 bad
329 2330 420 bad
330 2375 405 bad
331 2385 160 bad
332 2395 405 bad
333 2400 420 bad
334 2415 440 bad
335 2420 410 bad
336 2425 445 bad
337 2430 430 bad
338 2435 420 bad
339 2440 420 bad
340 2465 1215 bad
341 2485 1225 bad
342 2495 440 bad
343 2500 420 bad
344 2505 420 bad
345 2510 420 bad
346 2515 420 bad
347 2520 420 bad
348 2525 420 bad
349 2530 410 bad
350 2535 420 bad
351 2540 415 bad
352 2545 410 bad
353 2550 420 bad
354 2555 410 bad
355 2560 420 bad
356 2565 440 bad
357 2570 420 bad
358 2575 410 bad
359 2580 410 bad
360 2585 435 bad
361 2600 420 bad
362 2605 415 bad
363 2610 415 bad
364 2615 405 bad
365 2630 440 bad
366 2635 440 bad
367 2640 440 bad
368 2645 435 bad
369 2650 440 bad
370 2655 410 bad
371 2660 415 bad
372 2665 420 bad
373 2670 400 bad
374 2690 405 bad
375 2695 405 bad
376 2700 440 bad
377 2715 410 bad
378 2720 440 bad
379 2725 415 bad
380 2730 405 bad
381 2735 415 bad
382 2740 405 bad
383 2745 420 bad
384 2750 420 bad
385 2755 415 bad
386 2760 435 bad
387 2810 445 bad
388 2815 450 bad
389 2820 415 bad
390 2825 430 bad
391 2830 430 bad
392 2835 430 bad
393 2840 420 bad
394 2845 420 bad
395 2850 410 bad
396 2855 420 bad
397 2860 425 bad
398 2865 410 bad
399 2870 430 bad
400 2875 410 bad
401 2880 430 bad
402 2885 425 bad
403 2890 410 bad
404 2895 400 bad
405 2910 440 bad
406 2915 405 bad
407 2920 430 bad
408 2925 420 bad
409 2930 410 bad
410 2935 400 bad
411 2940 415 bad
412 2955 420 bad
413 2960 420 bad
414 2990 445 bad
415 2995 415 bad
416 3020 1215 bad
417 3070 710 bad
418 3100 420 bad
419 3105 420 bad
420 3135 425 bad
421 3140 420 bad
422 3145 435 bad
423 3155 90 bad
424 3165 435 bad
425 3170 405 bad
426 3175 435 bad
427 3180 425 bad
428 3185 440 bad
429 3190 425 bad
430 3195 405 bad
431 3235 430 bad
432 3240 420 bad
433 3245 420 bad
434 3250 435 bad
435 3255 420 bad
436 3260 405 bad
437 3265 420 bad
438 3270 415 bad
439 3275 415 bad
440 3280 415 bad
441 3290 175 bad
442 3295 165 bad
443 3305 440 bad
444 3310 420 bad
445 3315 435 bad
446 3320 440 bad
447 3325 435 bad
448 3335 165 bad
449 3345 405 bad
450 3350 415 bad
451 3365 435 bad
452 3370 440 bad
453 3405 1215 bad
454 3415 440 bad
455 3420 410 bad
456 3425 420 bad
457 3430 405 bad
458 3435 420 bad
459 3440 435 bad
460 3445 420 bad
461 3460 420 bad
462 3465 395 bad
463 3470 410 bad
464 3475 400 bad
465 3480 410 bad
466 3500 3290 bad
467 3505 3310 bad
468 3515 420 bad
469 3520 440 bad
470 3525 420 bad
471 3530 420 bad
472 3535 410 bad
473 3540 435 bad
474 3545 430 bad
475 3555 3325 bad
476 3560 3330 bad
477 3595 450 bad
478 3600 445 bad
479 3630 3310 bad
480 3640 440 bad
481 3650 3295 bad
482 3665 2190 bad
483 3670 2170 bad
484 3680 435 bad
485 3685 445 bad
486 3690 400 bad
487 3695 440 bad
488 3705 3300 bad
489 3710 3300 bad
490 3715 3290 bad
491 3720 3300 bad
492 3725 3315 bad
493 3765 1215 bad
494 3770 1215 bad
495 3780 205 bad
496 3800 410 bad
497 3865 225 bad
498 3885 3740 bad
499 3920 2185 bad
500 3945 410 bad
501 3950 440 bad
502 4005 420 bad
503 4010 420 bad
504 4015 445 bad
505 4020 420 bad
506 4040 410 bad
507 4045 420 bad
508 4050 405 bad
509 4060 2550 bad
510 4065 2565 bad
511 4085 2210 bad
512 4095 420 bad
513 4100 405 bad
514 4105 405 bad
515 4110 410 bad
516 4125 405 bad
517 4135 1960 bad
518 4150 420 bad
519 4155 425 bad
520 4160 420 bad
521 4165 420 bad
522 4170 405 bad
523 4175 420 bad
524 4180 400 bad
525 4185 420 bad
526 4215 410 bad
527 4220 410 bad
528 4225 425 bad
529 4275 425 bad
530 4280 430 bad
531 4285 420 bad
532 4290 405 bad
533 4295 410 bad
534 4300 415 bad
535 4305 420 bad
536 4310 420 bad
537 4315 440 bad
538 4320 420 bad
539 4325 460 bad
540 4335 2185 bad
541 4345 410 bad
542 4355 1965 bad
543 4360 1940 bad
544 4365 1975 bad
545 4370 1965 bad
546 4380 415 bad
547 4385 410 bad
548 4390 410 bad
549 4575 410 bad
550 4580 400 bad
551 4585 420 bad
552 4590 410 bad
553 4595 410 bad
554 4600 420 bad
555 4605 420 bad
556 4620 440 bad
557 4625 445 bad
558 4635 3310 bad
559 4640 3295 bad
